0 0.072674 0.259164 0.104651 0.199153
0 0.193314 0.280006 0.130814 0.157469
0 0.327035 0.198955 0.107558 0.106523
0 0.459302 0.198955 0.151163 0.180627
0 0.595930 0.266112 0.093023 0.185258
0 0.690407 0.189693 0.066860 0.087998
0 0.784884 0.300847 0.093023 0.171364
0 0.691860 0.303163 0.040698 0.101892
0 0.905523 0.252217 0.113372 0.157469
0 0.906977 0.430528 0.110465 0.143575
0 0.106105 0.437475 0.101744 0.129681
0 0.100291 0.613471 0.130814 0.157469
0 0.213663 0.620418 0.061047 0.125049
0 0.286337 0.622734 0.055233 0.111155
0 0.377907 0.587998 0.087209 0.106523
0 0.255814 0.467580 0.139535 0.134312
0 0.380814 0.407371 0.069767 0.162101
0 0.485465 0.365688 0.075581 0.106523
0 0.500000 0.541683 0.098837 0.208415
0 0.617733 0.432844 0.113372 0.148207
0 0.704942 0.421265 0.055233 0.106523
0 0.710756 0.513894 0.043605 0.069472
0 0.614826 0.594945 0.072674 0.092629
0 0.699128 0.620418 0.066860 0.125049
0 0.805233 0.606523 0.122093 0.152838
0 0.927326 0.594945 0.087209 0.129681